1 0.5148693065385544 0.6603729544096817 0.4310983913393914 -0.3361120873359447 -0.189830486396538 0.4465783503228106 1.6128044183341546 1 img01.png

2 0.5464577235670758 0.7008883615648525 0.36151593542201854 -0.28186111724175256 -0.17039415520816756 0.5336776946886033 1.2664427021282552 1 img02.png

3 0.5771538613843005 0.7402593156822693 0.27194560012422303 -0.2120263106500848 -0.421557822778371 0.6580023748490522 0.7720496627699185 1 img03.png

4 0.5940810221423394 0.7619701463411662 0.20332181533595992 -0.15852278897251554 -0.1282689460059204 0.6707537244984081 0.7213422851122404 1 img04.png

5 0.5949055842910451 0.7630277328711506 0.1993161908498112 -0.1553997448967148 -0.28254878592836663 0.7037012215110457 0.590322336649026 1 img05.png

6 0.5949055842910451 0.7630277328711506 0.1993161908498112 -0.1553997448967148 -0.28254878846986375 0.7363806760339359 0.4603682935314957 1 img06.png

7 0.5949055842910451 0.7630277328711506 0.1993161908498112 -0.1553997448967148 -0.348148783239021 0.8306930638192038 0.3797342306182575 1 img07.png

8 0.5949055842910451 0.7630277328711506 0.1993161908498112 -0.1553997448967148 -0.3481487916704813 0.5624942834209814 0.3465241086794289 1 img08.png

9 0.6019687435252135 0.7720869587842337 0.16068600039221634 -0.12528116048289628 -0.19407088491979682 0.643720593727256 0.9879399014624095 1 img09.png

10 0.6131786346013337 0.7864648001077948 0.058407031429316095 -0.04553788466173071 -0.12132990245444308 0.690895829563161 0.8003415243963315 1 img10.png

11 0.6141381746708797 0.7876955105286272 -0.0383933146565457 0.02993390209526457 0.07847572429730729 0.6984266609723773 0.7703942072225198 1 img11.png

12 0.6120298724685833 0.784991400191705 -0.07567541366480625 0.05900142877775553 -0.09701488972360997 0.7528376751839638 0.5540218292206688 1 img12.png

13 0.6118239227192488 0.7847272455811968 -0.07836718073621649 0.06110010322770167 -0.26447351248567247 0.75297308254147 0.5534833644931298 1 img13.png

14 0.5926895160228123 0.7601853924948657 -0.20989623917092973 0.16364863401804286 0.06151705154882001 0.7802861883121492 0.4448692955982429 1 img14.png

15 0.5926895160228123 0.7601853924948657 -0.20989623917092973 0.16364863401804286 -0.16168295564324453 0.8721788615692212 0.07944629215520477 1 img15.png

16 0.5926895160228123 0.7601853924948657 -0.20989623917092973 0.16364863401804286 -0.16168295441242256 0.6875274975162743 0.06827691417830271 1 img16.png

17 0.6141381746708799 0.7876955105286271 -0.038393314656545705 0.02993390209526457 -0.17532427314481608 0.7485188916878972 0.5711960258178 1 img17.png

